#INFOFILE1.1 - Do not remove this line!
FileIdent = IPGRoad 10.0
FileCreator = CarMaker for Simulink 10.2.1
LibVersion = 10.2.1
Country = DEU DEU
nLinks = 1
nJunctions = 0
nObjects = 64
nRoutes = 1
RoadNetworkLength = 550
BBox = -10.0370182608883 560.029327458122 -19.9084797582787 16.9999021170557 -13.9400023370572 13.9400023370572
Route.0.Length = 550
RST.Unit = kmh
RST = 50 100 130 30 70 30 0 -1
Movie = 0.2 1 0.01 1.5 1.5 1 1
PathMode = -1
Link.0.ID = 0
Link.0.Node0 = 0 0 0 359.697
Link.0.Node1 = 549.992309197233 -2.90857764122304 0 359.697
Link.0.RST = Countryroad
Link.0.RL.ID = 1
Link.0.Seg.0.ID = 5
Link.0.Seg.0.Type = Straight
Link.0.Seg.0.Param = 550 0 0 0 0 0 0 0
Link.0.LaneSection.0.ID = 6
Link.0.LaneSection.0.Start = 0
Link.0.LaneSection.0.LaneL.0.ID = 7
Link.0.LaneSection.0.LaneL.0 = 0 3.5 3.5 0 0 0 0
Link.0.LaneSection.0.LaneL.0.ARP = 8 9 10 11 12 13
Link.0.LaneSection.0.LaneL.1.ID = 18
Link.0.LaneSection.0.LaneL.1 = 0 1 1 4 0 0 0
Link.0.LaneSection.0.LaneL.1.ARP = 19 20 21 22 23 24
Link.0.LaneSection.0.LaneL.2.ID = 26
Link.0.LaneSection.0.LaneL.2 = 0 2.5 2.5 5 0 0 0
Link.0.LaneSection.0.LaneR.0.ID = 27
Link.0.LaneSection.0.LaneR.0 = 0 3.5 3.5 0 0 0 0
Link.0.LaneSection.0.LaneR.0.ARP = 28 29 30 31 32 33
Link.0.LaneSection.0.LaneR.1.ID = 42
Link.0.LaneSection.0.LaneR.1 = 0 1 1 4 0 0 0
Link.0.LaneSection.0.LaneR.1.ARP = 43 44 45 46 47 48
Link.0.LaneSection.0.LaneR.2.ID = 50
Link.0.LaneSection.0.LaneR.2 = 0 2.5 2.5 5 0 0 0
Link.0.SlopeProfile.ID = 3
Link.0.SlopeProfile.Params = 0 0
Link.0.SlopeProfile:
	56 -1 110 0 0 0.35 -999
	57 -1 130 0 0 0.4 -999
	58 -1 150 0 0 0.35 -999
	59 -1 350 0 0 -0.35 -999
	60 -1 370 0 0 -0.4 -999
	61 -1 390 0 0 -0.35 -999
LanePath.0 = 14 7 2 10 0.1 0.1
LanePath.1 = 25 18 0.25 10 0.1 0.1
LanePath.2 = 34 27 2 10 0.1 0.1
LanePath.3 = 49 42 0.25 10 0.1 0.1
Route.0.ID = 62
Route.0.Name = Route_0
Route.0.DrvPath.ID = 63
Route.0.DrvPath:
	34
RL.1.RoadMarking.0.ID = 17 7
RL.1.RoadMarking.0 = 0 0 0 1 0 1 0.15 0 1 0 0 2 4 1 1 0 ""
RL.1.RoadMarking.0.Material.0 = 1.0,1.0,1.0 0 0 0 0 0 0 1 1 0 0 0
RL.1.RoadMarking.1.ID = 41 27
RL.1.RoadMarking.1 = 0 0 0 1 0 -1 0.15 0 1 0 0 2 4 1 1 0 ""
RL.1.RoadMarking.1.Material.0 = 1.0,1.0,1.0 0 0 0 0 0 0 1 1 0 0 0
RL.1.RoadMarking.2.ID = 51 6
RL.1.RoadMarking.2 = 0 0 0 1 0 0 0.15 0 2 0 0 2 4 1 1 0 ""
RL.1.RoadMarking.2.Material.0 = 1.0,1.0,1.0 0 0 0 0 0 0 1 1 0 0 0
MaxUsedObjId = 63
